56 0 0
80 1 0
52 2 0
41 3 0
68 4 0
74 5 0
76 6 0
58 7 0
78 8 0
77 9 0
54 0 1
0 1 1
0 2 1
33 3 1
49 4 1
75 5 1
67 6 1
50 7 1
48 8 1
51 9 1
63 0 2
72 1 2
43 2 2
0 3 2
0 4 2
47 5 2
45 6 2
71 7 2
0 8 2
64 9 2
70 0 3
0 1 3
0 2 3
0 3 3
0 4 3
0 5 3
0 6 3
61 7 3
73 8 3
46 9 3
79 0 4
0 1 4
0 2 4
0 3 4
0 4 4
0 5 4
0 6 4
0 7 4
0 8 4
0 9 4
0 0 5
0 1 5
0 2 5
0 3 5
0 4 5
0 5 5
0 6 5
0 7 5
44 8 5
0 9 5
32 0 6
11 1 6
24 2 6
3 3 6
0 4 6
0 5 6
13 6 6
4 7 6
14 8 6
34 9 6
28 0 7
15 1 7
36 2 7
29 3 7
5 4 7
0 5 7
37 6 7
38 7 7
39 8 7
19 9 7
25 0 8
40 1 8
2 2 8
20 3 8
6 4 8
17 5 8
35 6 8
30 7 8
31 8 8
7 9 8
21 0 9
8 1 9
26 2 9
9 3 9
27 4 9
18 5 9
22 6 9
23 7 9
10 8 9
1 9 9
